Custom Perceptron Results:

Training Set Accuracy: 96.36 
Testing Set Accuracy: 60.00 

Initial weights:
Neuron One:
[ 0.36513285  0.83609203  0.75902698  0.39509153 -0.48466823 -0.95735913
 -0.12489408  0.62039363]
Neuron Two:
[-0.48234527 -0.81152571  0.86897226 -0.92364284 -0.74183733  0.24490651
 -0.06104231  0.01034423]
Neuron Three:
[-0.56969017 -0.02455329 -0.08804357 -0.11032385 -0.42029708  0.99365741
 -0.06232725  0.83265492]

Final weights: 
Neuron One:
[-1.08671475e-02 -2.81491531e-01  2.34129905e-01  4.45903919e-02
  1.71563611e-02  1.51176004e-03 -4.21597003e-03 -6.35091712e+00]
Neuron Two:
[-0.36434527 -0.432505    1.19466486 -0.37070083 -0.52621477  0.66400262
  0.17742685  0.31354609]
Neuron Three:
[-0.46169017 -0.2680144  -0.32194716 -0.38533347 -0.27994547  0.46293415
  0.08953398  1.73219087]

Training Targets:
1 1 1 1 1 1 1 1 1 1 1 1 1 1 1 1 1 1 1 1 1 1 1 1 1 1 1 1 1 1 1 1 1 1 1 1 1 1 1 1 1 1 1 1 1 1 1 1 1 1 1 1 1 1 1 2 2 2 2 2 2 2 2 2 2 2 2 2 2 2 2 2 2 2 2 2 2 2 2 2 2 2 2 2 2 2 2 2 2 2 2 2 2 2 2 2 2 2 2 2 2 2 2 2 2 2 2 2 2 2 3 3 3 3 3 3 3 3 3 3 3 3 3 3 3 3 3 3 3 3 3 3 3 3 3 3 3 3 3 3 3 3 3 3 3 3 3 3 3 3 3 3 3 3 3 3 3 3 3 3 3 3 3 3 3
Predicted Training Targets:
1 1 1 1 1 1 1 1 1 1 1 1 1 1 1 1 1 1 1 3 1 1 1 3 1 1 1 0 1 1 1 1 1 1 1 1 1 1 1 1 1 1 1 1 1 1 1 1 1 1 1 1 1 1 1 2 2 2 2 0 2 2 2 2 2 2 2 2 2 2 2 2 2 2 2 2 2 2 2 2 0 2 2 2 2 2 2 2 2 2 2 2 2 2 2 2 2 2 2 2 2 2 2 2 2 2 2 2 2 2 3 3 3 3 3 3 3 3 3 3 3 3 3 3 3 3 3 3 3 3 3 3 3 3 3 0 3 3 3 3 3 3 3 3 3 3 3 3 3 3 3 3 3 3 3 3 3 3 3 3 3 3 3 3 3

Testing Targets:
1 1 1 1 1 1 1 1 1 1 1 1 1 1 1 2 2 2 2 2 2 2 2 2 2 2 2 2 2 2 3 3 3 3 3 3 3 3 3 3 3 3 3 3 3
Predicted Testing Targets:
1 1 1 1 3 3 3 1 1 1 1 1 1 1 3 2 2 0 2 2 2 2 1 2 1 1 0 1 1 1 0 0 1 3 1 3 1 3 3 3 0 3 3 3 3

Number of Epochs to train the model:
1000
Termination criteria:
Training model of 0.96 accuracy.

Confusion Matrix:
[[ 0  0  0  0]
 [ 0 11  0  4]
 [ 2  6  7  0]
 [ 3  3  0  9]]

Classification Report:
              precision    recall  f1-score   support

     Inavlid       0.00      0.00      0.00         0
        Kama       0.55      0.73      0.63        15
        Rosa       1.00      0.47      0.64        15
    Canadian       0.69      0.60      0.64        15

   micro avg       0.60      0.60      0.60        45
   macro avg       0.56      0.45      0.48        45
weighted avg       0.75      0.60      0.64        45

